1900 60.9
1901 54.9
1902 55.4
1903 56.0
1905 62.8
1906 56.8
1907 54.8
1908 62.6
1909 56.1
1910 62.1
1911 60.5
1912 57.5
1913 55.5
1914 62.4
1915 55.6
1916 59.0
1917 59.2
1918 62.4
1919 61.0
1920 58.7
1921 56.1
1923 57.5
1924 62.8
1926 59.6
1927 57.2
1928 63.8
1929 63.5
1930 56.9
1931 60.5
1932 57.4
1933 63.1
1934 54.9
1935 58.6
1937 58.2
1938 64.0
1939 55.5
1942 60.1
1943 62.6
1945 62.8
1946 61.2
1947 62.4
1948 64.4
1949 60.2
1950 61.3
1951 63.0
1952 59.9
1953 57.8
1954 61.5
1956 56.3
1957 56.2
1958 56.5
1959 57.0
1961 63.1
1962 60.0
1963 58.6
1964 55.8
1965 56.2
1967 58.1
1968 65.3
1969 59.8
1970 63.9
1972 56.1
1973 64.4
1974 62.2
